start=2205.611471
sub-delay=-167.801041
