start=1050.632917
speed=1.464100
pause=yes
volume=76.000000
brightness=5
