start=3.128125
pause=yes
volume=80.000000
