start=482.716000
speed=1.100000
volume=72.000000
