start=769.059367
pause=yes
volume=130.000000
