start=2191.145589
volume=92.000000
sid=3
sub-delay=-168.101059
