start=2809.598458
speed=1.331000
pause=yes
volume=98.000000
fullscreen=yes
