start=2705.492356
pause=yes
volume=130.000000
fullscreen=yes
brightness=7
sub-delay=0.700000
