start=1866.905256
pause=yes
volume=78.000000
fullscreen=yes
brightness=10
