start=2157.445278
speed=1.000000
pause=yes
volume=98.000000
fullscreen=yes
brightness=10
sid=5
sub-delay=-168.301086
