start=7.225567
pause=yes
volume=72.000000
