start=1735.023611
pause=yes
volume=112.000000
