start=1658.620522
volume=72.000000
fullscreen=yes
