start=21.354667
pause=yes
volume=60.000000
