start=780.028644
volume=102.000000
