start=2157.820656
pause=yes
volume=106.000000
fullscreen=yes
brightness=6
