start=2564.685133
pause=yes
volume=130.000000
