start=2201.145589
volume=96.000000
sub-delay=-168.301071
