start=775.482444
pause=yes
volume=86.000000
brightness=10
