start=1886.456456
volume=90.000000
fullscreen=yes
