start=1674.921944
pause=yes
volume=88.000000
sub-delay=0.200000
