start=2142.059911
volume=76.000000
fullscreen=yes
