start=9.551211
pause=yes
volume=68.000000
