start=1612.986867
speed=1.000000
pause=yes
