start=1947.362089
pause=yes
volume=130.000000
sub-delay=1.000000
