start=8.800456
pause=yes
volume=50.000000
