start=2758.712144
speed=1.331000
pause=yes
volume=130.000000
fullscreen=yes
