start=39.606000
pause=yes
volume=74.000000
