start=578.611000
pause=yes
volume=74.000000
