start=1882.504167
pause=yes
volume=80.000000
